1: [0.5788830518722534,0.6142879724502563],[0.7953217029571533,0.29002076387405396]
2: [0.5812865495681763,0.7006236910820007],[0.4350877106189728,0.23700623214244843],[0.46257317066192627,0.19646568596363068],[0.8076023459434509,0.3742203712463379],[0.36410287022590637,0.6715176701545715],[0.16374269127845764,0.6777546405792236],[0.32631582021713257,0.46777546405792236],[0.16081874072551727,0.455301433801651],[0.7520468235015869,0.7408071160316467],[0.7520468235015869,0.5873181819915771],[0.45321640372276306,0.9324324131011963],[0.4549707770347595,0.8191268444061279]
3: [0.24874664843082428,0.6676939725875854],[0.34970760345458984,0.442827433347702],[0.3751222491264343,0.4407484233379364],[0.5929824709892273,0.4334719479084015],[0.5877193212509155,0.43866947293281555],[0.6900584697723389,0.6299375891685486],[0.4091598689556122,0.6209215521812439],[0.2725146412849426,0.5592515468597412],[0.5222222208976746,0.5800415873527527],[0.6526316404342651,0.4844074845314026],[0.10497719794511795,0.6340956091880798],[0.06432748585939407,0.5467775464057922],[0.03918128088116646,0.5051975250244141],[0.05614035576581955,0.42515596747398376]
4: [0.26,0.76],[0.09,0.46],[0.44,0.76],[0.36,0.58],[0.67,0.75],[0.57,0.49],[0.7,0.49],[0.72,0.37],[0.38,0.56],[0.48,0.65],[0.49,0.6],[0.53,0.46]
5: [0.35,0.76],[0.46,0.78],[0.41,0.72],[0.41,0.54],[0.35,0.49],[0.48,0.57],[0.48,0.57],[0.48,0.53],[0.56,0.73],[0.55,0.73],[0.53,0.68],[0.52,0.65],[0.51,0.6],[0.51,0.53],[0.53,0.47],[0.56,0.46],[0.62,0.42],[0.64,0.43],[0.66,0.51],[0.69,0.6],[0.61,0.76],[0.64,0.74],[0.68,0.69],[0.68,0.6]
6: [0.45,0.78],[0.61,0.78],[0.44,0.59],[0.56,0.61],[0.47,0.41],[0.55,0.51],[0.3,0.7],[0.19,0.69],[0.19,0.66],[0.19,0.6],[0.72,0.35],[0.8,0.35],[0.81,0.37],[0.81,0.35]
7: [0.41,0.71],[0.36,0.46],[0.34,0.45],[0.33,0.43],[0.44,0.61],[0.5,0.42],[0.48,0.66],[0.49,0.58],[0.5,0.66],[0.51,0.59],[0.62,0.59],[0.73,0.63],[0.76,0.6],[0.75,0.43],[0.73,0.4],[0.67,0.36],[0.68,0.74],[0.65,0.46],[0.62,0.44],[0.59,0.41]
8: [0.35,0.78],[0.4,0.73],[0.39,0.69],[0.39,0.43],[0.37,0.38],[0.34,0.33],[0.42,0.54],[0.51,0.54],[0.53,0.51],[0.53,0.58]
9: [0.32,0.56],[0.52,0.51],[0.55,0.63],[0.57,0.67],[0.36,0.62],[0.31,0.62]
10: [0.31,0.68],[0.22,0.54],[0.45,0.61],[0.37,0.47],[0.55,0.67],[0.65,0.68],[0.66,0.64],[0.58,0.48],[0.63,0.52],[0.66,0.48]
11: [0.38,0.67],[0.61,0.68],[0.6,0.66],[0.6,0.48],[0.45,0.56],[0.39,0.45],[0.52,0.48],[0.63,0.4],[0.66,0.37],[0.69,0.37]
12: [0.95,0.33],[0.75,0.32],[0.76,0.44],[0.76,0.33],[0.74,0.46],[0.62,0.37],[0.62,0.48],[0.62,0.37],[0.62,0.55],[0.62,0.42],[0.61,0.56],[0.55,0.47],[0.55,0.6],[0.55,0.5],[0.53,0.59],[0.46,0.46],[0.46,0.47],[0.46,0.65],[0.44,0.63],[0.4,0.55]
13: [0.51,0.78],[0.51,0.5],[0.5,0.45],[0.48,0.4],[0.54,0.46],[0.59,0.42],[0.53,0.7],[0.59,0.66],[0.6,0.61],[0.59,0.53],[0.67,0.47],[0.68,0.45],[0.74,0.59],[0.78,0.66],[0.4,0.47],[0.38,0.45],[0.27,0.71],[0.31,0.59]
14: [0.38,0.33],[0.37,0.66],[0.42,0.7],[0.62,0.7],[0.62,0.69],[0.63,0.4],[0.52,0.51],[0.47,0.36],[0.51,0.46],[0.58,0.32]
15: [0.35,0.66],[0.35,0.46],[0.57,0.73],[0.62,0.73],[0.55,0.74],[0.47,0.69],[0.63,0.71],[0.63,0.57],[0.4,0.45],[0.49,0.4],[0.67,0.35],[0.64,0.32],[0.71,0.58],[0.73,0.55],[0.73,0.44],[0.73,0.43]
16: [0.97,0.28],[0.79,0.26],[0.8,0.51],[0.79,0.19],[0.78,0.51],[0.7,0.41],[0.75,0.35],[0.53,0.31],[0.53,0.34],[0.54,0.58],[0.53,0.58],[0.35,0.38]
17: [0.3777777850627899, 0.34095633029937744],[0.3812865614891052, 0.7089396715164185],[0.6339181661605835, 0.8482328653335571],[0.632748544216156, 0.6008316278457642],[0.9953216910362244, 0.4864864945411682],[0.8596491813659668, 0.35550934076309204],[0.6093567609786987, 0.3305613100528717],[0.7163743376731873, 0.24116423726081848],[0.7953217029571533, 0.752598762512207],[0.7391813397407532, 0.6746361255645752],[0.2725146412849426, 0.6694386601448059],[0.183625727891922, 0.6673596501350403],[0.0023391812574118376, 0.4906444847583771],[0.051837049424648285, 0.34095633029937744],[0.42339184880256653, 0.22661122679710388],[0.20818714797496796, 0.22661122679710388]
18: [0.2713450491428375, 0.8004158139228821],[0.6970760226249695, 0.8004158139228821],[0.2596491277217865, 0.7920997738838196],[0.2561403512954712, 0.46569645404815674],[0.2608187198638916, 0.4407484233379364],[0.19356724619865417, 0.41268190741539],[0.3777777850627899, 0.30561330914497375],[0.2526315748691559, 0.23076921701431274],[0.39766085147857666, 0.3160082995891571],[0.5146198868751526, 0.31808730959892273],[0.4865497052669525, 0.5114344954490662],[0.4865497052669525, 0.3367983400821686],[0.3660818934440613, 0.7983368039131165],[0.3660818934440613, 0.5841996073722839],[0.6725146770477295, 0.7858628034591675],[0.6690058708190918, 0.46777546405792236],[0.5567251443862915, 0.3076923191547394],[0.6678362488746643, 0.21205821633338928],[0.6725146770477295, 0.48232847452163696],[0.8070175647735596, 0.4864864945411682],[0.8163743019104004, 0.6819126605987549],[0.8152046799659729, 0.48232847452163696],[0.8093567490577698, 0.2723492681980133],[0.8093567490577698, 0.234927237033844],[0.8222222328186035, 0.26195424795150757],[0.850135087966919, 0.234927237033844],[0.9403509497642517, 0.2931393086910248],[0.964777946472168, 0.23816508054733276],[0.09005848318338394, 0.45114344358444214],[0.05614035576581955, 0.45114344358444214],[0.04327485337853432, 0.3887733817100525],[0.04327485337853432, 0.2931392788887024]
19: [0.83, 0.57],[0.83, 0.42],[1.0, 0.56],[0.99, 0.4],[0.82, 0.41],[0.51, 0.41],[0.33, 0.47],[0.38, 0.24],[0.27, 0.66],[0.3, 0.58],[0.28, 0.69],[0.22, 0.69],[0.22, 0.69],[0.2, 0.66],[0.18, 0.61],[0.18, 0.58],[0.18, 0.54],[0.18, 0.48],[0.0, 0.57],[0.03, 0.48],[0.05, 0.41],[0.06, 0.33],[0.75, 0.71],[0.67, 0.7]